-0.126027 
0.278647 
0.205762 
0.042246 
-0.153917 
0.123478 
0.080321 
-0.125900 
-0.232435 
0.074021 
0.152105 
0.094434 
-0.079642 
-0.066386 
-0.020424 
-0.029292 
0.080687 
-0.058363 
0.056922 
-0.046595 
0.110530 
-0.075022 
-0.034763 
0.121002 
-0.045885 
-0.135495 
-0.154093 
0.208565 
0.084047 
0.027311 
-0.101323 
-0.085640 
0.096758 
-0.035181 
0.026646 
-0.103291 
-0.078349 
0.094744 
0.060705 
-0.005968 
0.090776 
0.070302 
0.083283 
0.103462 
-0.172143 
-0.083004 
0.044249 
0.070269 
-0.067539 
-0.081104 
-0.063317 
0.016459 
-0.015834 
-0.058600 
0.089245 
-0.155659 
-0.004790 
-0.055755 
-0.008913 
0.134595 
0.082548 
0.092848 
-0.157198 
-0.043716 
-0.058711 
-0.099938 
-0.041211 
0.005419 
-0.079222 
-0.064338 
0.008875 
-0.085370 
0.245582 
0.193444 
0.186875 
-0.017793 
0.016269 
-0.172992 
0.050404 
0.033822 
0.033655 
0.061326 
-0.135012 
-0.033071 
-0.257246 
-0.181300 
-0.084448 
0.045607 
-0.116333 
-0.020025 
-0.038241 
0.022880 
0.085017 
0.066269 
0.004805 
0.001512 
0.019106 
-0.102180 
-0.096046 
0.053233 
-0.117128 
-0.193278 
-0.075509 
-0.061925 
0.009743 
-0.011487 
-0.162194 
-0.007422 
0.152173 
0.112904 
0.007287 
0.028411 
-0.059357 
0.190484 
-0.001457 
-0.232862 
0.041373 
0.153236 
-0.138018 
-0.073347 
0.102160 
0.039487 
0.025171 
-0.102160 
-0.068341 
0.205160 
0.013023 
0.077621 
0.059289 
0.121304 
0.038389 
0.180234 
0.014931 
-0.174888 
-0.145166 
-0.130922 
-0.080352 
-0.014584 
-0.031624 
-0.009034 
-0.081514 
-0.036733 
-0.111294 
-0.066571 
0.220374 
0.039673 
-0.136482 
-0.015228 
-0.008616 
0.070151 
-0.025802 
0.080460 
0.364751 
0.132981 
-0.079089 
0.084925 
0.004971 
0.208718 
-0.035546 
-0.147252 
0.163454 
0.213213 
-0.139120 
-0.027034 
-0.008143 
-0.122996 
-0.037993 
-0.050767 
0.021477 
0.158050 
0.086830 
-0.089548 
0.126005 
0.076250 
0.051107 
0.140697 
0.035555 
-0.099457 
0.043689 
0.036471 
-0.277101 
-0.103344 
-0.001754 
0.035472 
-0.042067 
-0.104172 
-0.107140 
0.000904 
0.038246 
-0.019434 
0.089613 
0.073008 
-0.000127 
-0.089041 
0.108664 
0.100464 
0.118095 
0.099162 
-0.224278 
-0.022338 
0.050093 
0.031260 
0.080505 
0.001270 
-0.104615 
-0.183075 
-0.138189 
0.051348 
0.105552 
0.087413 
0.076649 
-0.070915 
-0.021506 
0.049735 
0.168317 
0.139706 
0.013348 
0.058984 
0.051645 
-0.092559 
-0.164378 
0.033224 
0.128571 
0.112160 
-0.036298 
-0.368601 
-0.107505 
-0.184436 
-0.081088 
-0.262944 
-0.033309 
0.155583 
0.031467 
-0.296630 
0.112751 
0.002169 
0.123258 
0.190124 
-0.112762 
0.056230 
-0.116244 
-0.075948 
0.187499 
-0.146499 
-0.181859 
-0.052977 
0.168245 
-0.205858 
-0.084214 
0.281114 
-0.054383 
-0.026633 
-0.045825 
0.180038 
0.087198 
0.053114 
-0.185467 
0.053141 
-0.060598 
-0.119071 
-0.105000 
0.119447 
-0.084029 
0.036381 
0.212712 
-0.235328 
0.049545 
0.046446 
-0.021079 
-0.053699 
-0.039226 
-0.016564 
0.141376 
-0.023604 
-0.014341 
0.010437 
-0.092431 
-0.211300 
-0.070432 
0.073234 
-0.093672 
0.123485 
0.165964 
-0.011881 
-0.057753 
-0.081628 
-0.075867 
0.042368 
0.178359 
0.246150 
0.134667 
0.147010 
0.180559 
-0.001658 
0.033009 
0.122046 
0.129865 
-0.055676 
0.166734 
-0.033462 
-0.019248 
-0.004256 
-0.185984 
-0.075468 
0.080687 
-0.052385 
0.038459 
0.130506 
0.194005 
-0.063812 
-0.090013 
-0.025412 
-0.001222 
-0.017524 
-0.110390 
-0.035544 
-0.098580 
-0.100188 
-0.050247 
-0.176854 
-0.145093 
-0.111382 
-0.039752 
-0.085909 
0.064103 
0.372487 
0.061751 
0.105490 
0.079859 
-0.011331 
-0.009605 
0.148564 
0.058529 
0.147950 
0.094406 
-0.093249 
-0.352429 
-0.267953 
-0.135235 
-0.118487 
-0.167111 
0.004679 
-0.039268 
0.046625 
0.061575 
0.093302 
0.255840 
0.096484 
0.172711 
0.120906 
-0.064701 
-0.086472 
-0.103507 
-0.075342 
-0.136039 
0.026278 
0.057231 
0.185026 
0.020323 
-0.222401 
0.193658 
0.087160 
0.067133 
-0.022192 
-0.080007 
0.025937 
0.071942 
-0.065483 
0.059189 
0.015604 
-0.005653 
-0.110680 
-0.057186 
-0.128362 
-0.027966 
0.061166 
-0.075998 
0.091871 
-0.019317 
0.165254 
0.053275 
0.164968 
0.159483 
0.099692 
0.142163 
0.090177 
-0.079969 
-0.007925 
0.014694 
0.000792 
0.115607 
-0.077197 
-0.064492 
0.061389 
0.001242 
0.028040 
-0.002890 
0.160682 
0.022997 
-0.070119 
-0.066750 
-0.000817 
0.052833 
0.168404 
0.118244 
0.084565 
0.062033 
0.106594 
0.020807 
0.005133 
0.069361 
0.160528 
0.058635 
0.143835 
0.035608 
-0.014459 
-0.059872 
-0.043407 
-0.145015 
-0.109397 
-0.028141 
-0.065998 
0.068527 
0.056285 
-0.035074 
-0.115189 
-0.116195 
-0.185771 
0.142661 
0.221319 
0.019868 
0.040944 
0.007452 
-0.080293 
0.059968 
-0.077647 
-0.193476 
-0.211954 
-0.012227 
-0.009727 
0.024720 
0.085006 
0.074508 
0.166639 
0.037516 
-0.098043 
0.019849 
0.120910 
0.373795 
0.213928 
-0.114768 
-0.103564 
0.019824 
-0.152168 
-0.120549 
0.023944 
-0.064502 
-0.137438 
-0.157813 
0.038160 
0.014112 
0.274806 
0.041812 
-0.066826 
0.185284 
0.258224 
0.037158 
-0.088360 
0.114883 
-0.161942 
-0.059021 
0.038855 
-0.204191 
0.087026 
0.076638 
0.035231 
-0.026079 
0.124978 
-0.184392 
-0.152197 
-0.001541 
-0.044026 
0.084224 
0.213589 
-0.220269 
-0.228279 
-0.039689 
-0.125869 
-0.060600 
0.004523 
-0.084269 
-0.071317 
0.214637 
0.102364 
0.018531 
0.147906 
-0.096004 
-0.083547 
0.116203 
-0.074217 
0.116838 
0.308298 
-0.120277 
-0.090416 
-0.035720 
0.177296 
0.008714 
0.092056 
-0.125177 
0.142894 
-0.044272 
-0.019735 
-0.030580 
0.031611 
-0.000839 
0.028063 
-0.094579 
-0.039919 
0.064959 
-0.182657 
-0.053425 
0.064457 
0.004220 
0.144998 
0.148888 
0.095042 
-0.022879 
0.216123 
-0.044449 
-0.000855 
0.054372 
0.056467 
0.020883 
-0.006833 
-0.004698 
0.112349 
0.191517 
-0.047818 
-0.044751 
0.056418 
0.210133 
0.082139 
0.151603 
0.026137 
0.125346 
0.074063 
0.123696 
-0.011899 
0.037071 
0.035932 
0.038189 
-0.043182 
-0.013466 
-0.198258 
-0.085604 
-0.011856 
-0.115876 
0.147730 
-0.081571 
-0.104598 
-0.034665 
-0.127491 
0.137134 
0.000469 
0.018245 
-0.154336 
-0.108060 
-0.036943 
-0.040771 
-0.162060 
-0.082528 
-0.001844 
0.046881 
0.001459 
-0.212766 
-0.150427 
-0.034321 
0.060176 
-0.057378 
0.085393 
0.036113 
0.018573 
-0.040542 
-0.100049 
-0.138869 
-0.023333 
-0.048016 
-0.150664 
-0.119106 
-0.163616 
-0.079670 
-0.001014 
-0.167176 
-0.056855 
0.098019 
0.016618 
0.050527 
0.098718 
-0.094536 
-0.014859 
-0.084657 
-0.231624 
-0.158764 
-0.018170 
-0.138156 
-0.108743 
0.029925 
-0.152551 
0.061796 
-0.124271 
-0.234521 
-0.000044 
-0.096830 
0.032278 
-0.037851 
0.168107 
-0.053378 
-0.038258 
0.063800 
0.135809 
-0.166432 
-0.111602 
0.125244 
-0.138948 
0.154504 
-0.020419 
-0.152639 
-0.062148 
0.025890 
-0.182953 
0.017328 
0.114476 
-0.136517 
0.045354 
-0.093407 
0.146180 
0.072978 
-0.045681 
-0.047841 
0.059419 
0.136684 
-0.115739 
-0.024717 
-0.049365 
0.121526 
-0.108927 
-0.207696 
-0.114099 
0.013037 
-0.039222 
-0.099525 
0.071831 
-0.153421 
0.078079 
0.105810 
-0.030306 
-0.157480 
-0.169157 
-0.215439 
-0.114731 
0.008530 
-0.104040 
0.200300 
0.153995 
-0.009057 
-0.053506 
0.297524 
0.244358 
-0.121117 
0.008151 
-0.051727 
0.126554 
-0.080941 
-0.004427 
0.137938 
0.106898 
0.092649 
-0.087724 
0.026265 
0.070382 
0.096521 
0.009840 
-0.152630 
-0.066559 
-0.166838 
-0.013261 
0.043522 
-0.118139 
-0.195490 
0.020175 
0.060125 
0.010760 
-0.184429 
-0.173007 
-0.017610 
0.238854 
0.137679 
0.050851 
0.069866 
0.013405 
0.049461 
0.106241 
-0.010182 
-0.029090 
-0.173196 
0.018734 
-0.046609 
0.046677 
-0.011665 
0.049571 
-0.066654 
0.014188 
-0.019576 
-0.011690 
-0.142533 
0.021042 
0.046389 
0.185907 
-0.000737 
0.043062 
-0.057655 
-0.087585 
-0.117848 
-0.236648 
-0.280382 
-0.051327 
0.136501 
0.025788 
0.054201 
0.096234 
-0.007949 
0.070880 
-0.055444 
0.075248 
0.070108 
0.169376 
-0.100337 
0.014476 
0.012977 
-0.004666 
-0.043123 
-0.040047 
-0.087230 
0.014348 
-0.013072 
-0.100087 
-0.155791 
0.036679 
-0.009885 
0.184793 
0.096606 
0.077836 
0.199467 
0.145477 
0.089620 
-0.029201 
0.081917 
0.039290 
0.209099 
0.119314 
-0.051737 
0.294589 
0.206019 
-0.042550 
0.052644 
-0.112507 
-0.157707 
-0.168047 
-0.164807 
-0.105277 
-0.297032 
0.031759 
0.034612 
0.021810 
0.165031 
0.067586 
0.210188 
0.121189 
0.179048 
0.288841 
0.266083 
0.101360 
0.122678 
-0.006937 
0.052761 
-0.011103 
-0.105778 
0.189467 
0.039707 
-0.106020 
0.013382 
-0.062807 
-0.065065 
0.013295 
-0.116461 
-0.100989 
0.068240 
0.006757 
0.090846 
-0.125223 
-0.181639 
-0.036729 
-0.040532 
-0.121086 
-0.165581 
-0.117493 
-0.045088 
-0.028648 
-0.111951 
0.041855 
-0.079972 
0.059359 
0.017396 
0.134534 
0.000601 
0.030500 
-0.024236 
-0.013869 
-0.024059 
-0.106724 
0.011134 
-0.261742 
-0.176507 
-0.141706 
-0.149471 
-0.113039 
-0.119020 
-0.053392 
0.088773 
0.019428 
0.094551 
0.120489 
-0.050206 
-0.054750 
0.014456 
-0.092430 
0.242389 
0.023775 
-0.101147 
-0.034497 
-0.000263 
0.019575 
-0.178226 
-0.148634 
0.013654 
0.113492 
-0.129455 
-0.036415 
-0.039904 
-0.016151 
-0.078593 
0.011800 
0.014124 
-0.064029 
-0.123087 
-0.102817 
-0.141850 
-0.048034 
-0.091921 
-0.050725 
-0.119193 
-0.221720 
-0.081427 
-0.061068 
-0.061241 
-0.014457 
0.041264 
0.038391 
-0.005968 
-0.008131 
-0.033074 
-0.030236 
-0.037850 
0.055088 
0.025639 
-0.082825 
0.072563 
-0.048076 
0.061696 
-0.048786 
-0.032069 
-0.078023 
-0.170119 
-0.043015 
0.062769 
0.109731 
-0.056556 
-0.048727 
-0.011746 
0.070758 
-0.100116 
-0.118750 
-0.039951 
-0.064304 
-0.031075 
-0.040201 
0.071439 
0.028400 
0.100238 
-0.068862 
0.126463 
0.091334 
0.034618 
0.120725 
-0.110833 
0.274196 
0.085325 
0.146144 
-0.128575 
0.098221 
0.080080 
0.028768 
0.093544 
-0.004377 
0.038711 
0.065592 
-0.050356 
-0.013450 
0.097308 
0.187450 
0.012844 
-0.085339 
-0.305727 
0.161734 
-0.020377 
0.154619 
-0.180672 
-0.068505 
0.071166 
0.049178 
-0.022388 
-0.142330 
-0.067537 
-0.126887 
-0.195210 
-0.040720 
0.025655 
0.101323 
-0.113488 
-0.083143 
-0.109297 
-0.102028 
0.023964 
0.054615 
0.096137 
-0.099650 
-0.077489 
0.032072 
-0.064478 
0.044512 
-0.067291 
-0.037121 
-0.037372 
-0.050144 
-0.078705 
-0.091633 
-0.001533 
-0.157545 
-0.157463 
-0.136679 
-0.114267 
-0.008603 
0.167187 
-0.099093 
0.013190 
0.034545 
0.062653 
0.104171 
-0.142182 
-0.034195 
-0.001360 
0.006575 
0.045807 
-0.137669 
-0.006489 
-0.046661 
-0.171178 
-0.141239 
-0.083739 
-0.094697 
-0.009436 
-0.031741 
-0.298742 
-0.030528 
0.103672 
0.217321 
0.313461 
0.234861 
0.055719 
-0.097386 
-0.113832 
-0.155220 
0.062260 
-0.194446 
-0.204847 
-0.240863 
-0.181014 
-0.160637 
0.135064 
-0.084320 
-0.361427 
-0.167516 
0.097395 
0.131331 
0.151756 
-0.006404 
-0.020466 
0.084992 
0.114531 
0.027263 
0.092275 
-0.100361 
0.081749 
0.141985 
0.198442 
0.116027 
0.028832 
-0.080320 
-0.029195 
0.014482 
-0.231683 
0.124425 
0.006172 
-0.209670 
-0.089862 
-0.036027 
0.035154 
-0.002341 
0.068441 
-0.099874 
-0.055272 
0.190677 
0.198762 
0.292872 
0.019527 
0.039069 
0.065247 
0.029040 
-0.116542 
-0.019550 
0.002184 
0.009320 
-0.034653 
0.071110 
-0.049700 
-0.006103 
0.008473 
-0.006398 
0.049460 
0.146058 
0.002549 
0.068025 
0.048183 
-0.137611 
-0.080613 
-0.223782 
-0.094859 
-0.141764 
-0.144542 
-0.144871 
-0.259842 
-0.138247 
0.138299 
0.104068 
-0.023634 
0.023684 
0.160854 
-0.016382 
0.243047 
0.140624 
0.169561 
-0.185330 
-0.025964 
0.042215 
-0.021400 
-0.026091 
-0.099884 
0.004421 
-0.003946 
-0.118149 
-0.016940 
0.006283 
-0.064062 
0.129903 
-0.044478 
0.141043 
0.052096 
-0.197331 
-0.123903 
0.008789 
-0.081259 
-0.052635 
0.022967 
-0.102178 
-0.119083 
-0.136794 
-0.180570 
-0.064216 
-0.042263 
0.057856 
-0.116772 
0.120635 
-0.040094 
0.087836 
0.257331 
0.083564 
-0.036619 
0.107933 
-0.095762 
-0.124144 
-0.049440 
-0.154334 
-0.183612 
0.154662 
0.028537 
0.048428 
0.010573 
0.065341 
0.205545 
0.068010 
0.043647 
0.047694 
0.051347 
0.155504 
0.016743 
0.039393 
0.218376 
0.105302 
0.071691 
-0.110418 
0.055934 
-0.084091 
0.052874 
-0.072740 
0.025124 
-0.010190 
0.043620 
0.044909 
-0.037954 
-0.053450 
0.080008 
0.072031 
0.092519 
-0.085643 
-0.020238 
-0.045316 
0.016142 
-0.034159 
-0.026061 
-0.119765 
-0.025818 
0.049767 
0.033587 
0.237236 
0.016264 
0.075549 
-0.195979 
0.215675 
-0.014794 
0.172114 
-0.015495 
-0.116781 
0.241876 
0.072239 
0.092903 
-0.139673 
-0.019066 
-0.034549 
-0.098112 
-0.207017 
0.006093 
-0.024869 
-0.216670 
0.024024 
-0.130457 
0.024790 
-0.013202 
0.010248 
0.009296 
0.015324 
0.211739 
-0.047714 
0.075717 
-0.104335 
-0.060464 
0.007814 
-0.078065 
-0.070117 
-0.381774 
-0.092690 
-0.069060 
-0.072205 
-0.167811 
-0.177832 
-0.098944 
-0.011967 
-0.086271 
-0.313382 
0.112455 
0.043775 
0.032653 
-0.003231 
0.023600 
0.043919 
-0.051720 
-0.140775 
-0.252163 
0.013371 
-0.169731 
-0.061711 
-0.114544 
-0.191419 
-0.202043 
-0.172796 
-0.109949 
0.013120 
-0.081412 
0.099400 
-0.133554 
-0.001899 
0.121603 
0.020180 
-0.061124 
0.084622 
-0.236612 
0.130899 
0.083662 
-0.082424 
-0.205935 
-0.093535 
-0.098689 
-0.017036 
-0.054417 
-0.217432 
-0.239612 
0.039699 
0.280728 
0.210710 
-0.160010 
-0.113439 
0.008715 
0.014960 
-0.008616 
-0.039044 
-0.053179 
-0.303627 
-0.230799 
-0.006284 
-0.112693 
-0.062511 
0.096297 
-0.055387 
-0.204765 
0.033107 
0.036585 
0.118091 
0.088065 
-0.209915 
-0.096758 
-0.017769 
0.049693 
-0.005338 
0.029027 
-0.039426 
-0.137853 
0.101463 
0.318950 
0.125393 
-0.195224 
-0.024744 
0.107621 
0.173315 
0.038523 
-0.044507 
0.058119 
0.106056 
0.057734 
-0.061887 
0.059827 
-0.192824 
0.039288 
-0.065430 
-0.167239 
-0.202496 
0.149043 
0.098433 
0.042533 
0.131347 
0.033606 
0.110144 
-0.001819 
-0.028882 
-0.039732 
0.187557 
0.125077 
0.036974 
-0.021398 
0.156231 
0.160640 
0.020232 
0.034691 
0.093747 
0.082529 
0.040517 
-0.058644 
-0.123593 
0.032518 
0.070518 
-0.074653 
-0.137883 
-0.114683 
-0.270070 
-0.076853 
-0.115541 
0.095148 
0.112929 
0.014385 
-0.040782 
0.110330 
-0.058216 
0.324454 
0.087581 
0.006510 
0.115415 
-0.029557 
-0.113727 
-0.030899 
0.007332 
-0.212427 
-0.062092 
0.171542 
0.063340 
-0.111159 
0.112778 
0.003804 
0.022048 
0.116323 
0.049723 
0.221707 
0.171277 
-0.004581 
-0.093247 
-0.103166 
-0.107328 
-0.152417 
-0.229046 
-0.230565 
0.058851 
-0.030530 
0.125431 
0.147968 
0.136208 
-0.041135 
0.095013 
0.010010 
-0.011854 
0.084447 
0.002843 
0.065358 
-0.104474 
-0.081035 
-0.086931 
-0.110086 
-0.121152 
-0.185050 
-0.025322 
0.058157 
0.056954 
-0.043690 
0.071990 
0.177321 
0.085804 
0.135705 
0.035245 
0.024383 
0.044528 
0.230775 
-0.243887 
-0.076841 
0.112253 
0.094299 
-0.031838 
0.054602 
-0.033124 
-0.068971 
0.149520 
0.194699 
-0.164211 
0.108809 
0.001825 
-0.022720 
-0.168195 
-0.037496 
0.096982 
0.027392 
0.052508 
0.141234 
-0.045412 
-0.059868 
-0.045836 
-0.094503 
-0.080427 
0.045454 
0.208669 
0.034128 
0.021012 
-0.047794 
0.043333 
0.092429 
0.101099 
0.060150 
0.090136 
0.053704 
-0.076392 
0.159916 
-0.035828 
-0.112150 
-0.077862 
0.049801 
-0.135174 
-0.028263 
-0.169638 
0.143178 
0.248828 
-0.142497 
-0.075158 
-0.006902 
0.092081 
0.181859 
0.069453 
0.060374 
0.096790 
0.280515 
-0.102621 
-0.005460 
0.074173 
0.201830 
0.275283 
0.219286 
-0.004771 
0.011113 
0.178379 
0.016267 
-0.153084 
-0.009276 
0.057988 
-0.250123 
-0.172709 
-0.057483 
0.042673 
-0.005508 
0.147287 
-0.010804 
-0.069168 
0.056197 
-0.100462 
-0.121387 
0.008119 
-0.113337 
0.088657 
0.040374 
-0.135936 
-0.007221 
0.051318 
-0.014561 
-0.196595 
-0.140977 
-0.026613 
0.131188 
0.225372 
0.071645 
0.083166 
0.152242 
0.068025 
0.033024 
0.146470 
0.031215 
0.031650 
0.227188 
0.050038 
-0.306838 
0.085025 
0.064514 
0.088704 
0.005853 
-0.074358 
-0.167516 
0.460873 
0.166757 
-0.070460 
-0.000676 
-0.063665 
-0.055626 
-0.067362 
-0.099038 
0.086526 
-0.071802 
-0.081575 
-0.334431 
-0.077243 
0.064470 
0.121790 
0.124449 
-0.018300 
-0.069882 
0.296912 
0.191035 
-0.047087 
-0.051764 
-0.042168 
0.039104 
0.037274 
-0.169724 
-0.208562 
0.053547 
0.045211 
-0.024903 
-0.043575 
0.066099 
0.137757 
-0.142867 
-0.045503 
0.056700 
0.001907 
0.026197 
0.069266 
-0.035514 
-0.062314 
0.158238 
0.014404 
-0.021529 
-0.032275 
0.125734 
0.140615 
0.031236 
-0.040553 
0.265214 
0.190328 
-0.089812 
-0.062953 
-0.028997 
-0.027893 
-0.068341 
-0.174620 
-0.086927 
0.243185 
0.113244 
0.121047 
-0.034144 
0.050962 
0.014659 
-0.028075 
0.033492 
-0.033281 
-0.065309 
0.050411 
-0.068068 
0.067753 
-0.037442 
-0.026243 
0.006299 
0.002683 
-0.059748 
0.069922 
0.071029 
-0.011466 
0.112710 
-0.015215 
-0.040240 
-0.221501 
0.040488 
0.027146 
-0.026162 
0.109848 
0.071068 
-0.132203 
0.023306 
0.040469 
-0.126345 
-0.038299 
-0.088004 
0.039015 
0.124764 
-0.043766 
-0.043436 
-0.005067 
0.089756 
0.156624 
-0.028299 
-0.018450 
0.021868 
0.050646 
-0.070962 
-0.293235 
0.135133 
0.059636 
-0.031073 
0.046083 
-0.055491 
-0.084834 
-0.029587 
-0.137641 
-0.074557 
0.237540 
0.103657 
0.002653 
0.079378 
0.043530 
0.107300 
0.315873 
-0.015421 
0.181490 
0.003878 
-0.015148 
-0.108324 
0.145329 
-0.055956 
0.127231 
0.054335 
-0.027746 
0.037178 
0.080467 
0.122777 
-0.051646 
-0.020825 
-0.067644 
0.127775 
0.319689 
-0.023095 
0.042342 
0.146208 
0.000997 
-0.056929 
-0.067399 
-0.086131 
-0.245276 
-0.110516 
-0.149365 
0.207479 
0.117024 
-0.002131 
-0.066527 
0.164891 
0.148325 
0.192516 
0.149099 
0.255160 
0.082364 
0.321118 
-0.087886 
0.159174 
0.046844 
-0.018491 
-0.254588 
-0.060412 
-0.024454 
0.023376 
0.034048 
-0.113449 
0.042801 
-0.061545 
0.149050 
0.055067 
0.040192 
-0.065356 
-0.101034 
0.141194 
-0.099214 
-0.017182 
-0.066979 
0.094449 
0.093265 
0.020628 
-0.036953 
0.252018 
0.095070 
-0.122194 
0.123742 
-0.070329 
0.016140 
-0.151046 
-0.060784 
0.119752 
-0.019836 
0.097791 
-0.110232 
-0.041486 
-0.093871 
-0.071203 
-0.122865 
-0.048558 
0.198541 
-0.400658 
0.196485 
0.078318 
-0.014373 
-0.037565 
0.053991 
0.039854 
-0.010431 
-0.082215 
-0.058659 
0.308350 
0.205630 
-0.160025 
0.035597 
0.147800 
0.003381 
0.166086 
0.145456 
-0.131104 
-0.004769 
-0.064072 
-0.145405 
-0.120491 
-0.214802 
-0.098324 
-0.100842 
-0.012741 
0.055329 
0.063917 
-0.033137 
-0.101238 
-0.148049 
-0.168547 
-0.117355 
0.122771 
-0.068401 
0.036551 
0.237168 
0.044255 
-0.341790 
0.089321 
0.200115 
0.186513 
0.280764 
0.424672 
0.006838 
-0.004071 
0.244590 
-0.046324 
0.020382 
-0.048930 
0.010968 
-0.005467 
0.111396 
-0.252365 
-0.002444 
0.155433 
-0.223088 
-0.147136 
-0.033119 
-0.061481 
-0.150686 
-0.046248 
-0.211560 
0.029638 
0.154108 
-0.058412 
-0.077473 
-0.104996 
-0.256486 
-0.439483 
-0.234685 
-1.351064